airline_name,count
French Bee,67
Discover Airlines,76
